Нормальное с масштабом 1.0000 со сдвигом 0.3000
0 100
8.5241297489898660e-01
-2.0111803757361709e-02
2.7442686519653886e-01
7.4085358648718214e-01
1.0929472069348871e+00
9.0725752068200036e-02
-5.6003768225711133e-02
8.7973746040140444e-01
5.5332354210955248e-01
5.6891970557254323e-01
6.3765990278405404e-01
8.3910424390657967e-01
3.5063181668373489e-01
-6.2113733279882311e-01
-8.4999035585292801e-02
-1.9372574300980050e-01
1.8331530615547217e-01
9.1858358074922231e-01
6.7792591939119529e-01
-1.8382396254702762e+00
1.1379384808377867e-01
7.5210868925053728e-02
-2.4768539082913196e-01
3.9890535939903232e-01
-5.1483177748580744e-01
1.5267607669836590e-02
-1.0489525754632019e+00
3.1256276224825419e-01
8.5118829528609952e-01
-1.3298662685913269e+00
-1.1778467979663971e-02
1.7865702207672298e+00
2.6506512738064303e-01
9.4533599049256722e-01
2.8880893351952508e-01
-2.0929055664788060e-02
-9.5606779446997237e-01
-2.3922697203231807e-01
-1.0173713818351895e+00
-8.7672099354393895e-01
-1.6150254511175286e+00
2.4259692514194060e+00
1.3551584704585353e+00
2.4712833386241853e-01
-1.3480846504002282e+00
-1.0495758417105474e+00
3.8788655389293325e-01
7.2130242820358825e-01
1.4836717314001004e+00
-3.0651072219888133e-02
3.5780287442174774e-01
-3.3469552284353338e-01
1.3542172316241656e+00
2.7200351889695660e+00
-2.0242617670383281e+00
-1.1599764997834745e+00
1.8955403789826402e+00
1.6585377957225631e+00
1.0185253476836793e+00
-3.8070423054866263e-02
4.9719174539337507e-01
4.8799777411329953e-01
2.1495166425349108e+00
5.9906551237829098e-01
5.4325566062942687e-01
-4.7712653394490823e-01
-7.7626226242980612e-01
-6.7473366760879372e-01
-4.3112393236358143e-01
8.5241986965939065e-01
-1.1939913842244667e+00
2.3540416105621058e+00
1.1278797687535538e+00
1.1011621164578944e-01
6.1175768450922319e-01
1.6104285931242655e+00
1.0896011452583512e+00
-8.8210660251238515e-01
-3.3793372433467828e-01
-1.5074872438799999e-01
1.0905195313881331e+00
1.0557069546651316e+00
1.8234589612126495e+00
9.1776755151187184e-01
1.1960816608555964e+00
3.9352885404658439e-01
4.1736668189845511e-01
-6.5318378774614716e-01
-8.6206354993270762e-01
4.2822091918261596e-01
-1.3304580570114393e+00
-8.7131535530946005e-02
4.9849713837927673e-01
1.1576488416561066e+00
2.3079071470529691e+00
1.0372549833884848e+00
2.0164016795845945e+00
8.8682508295615237e-01
9.9050863651513743e-01
8.2954959347407697e-01
