Нормальное с масштабом 1.0000 со сдвигом 0.3000
0 200
8.5241297489898660e-01
-2.0111803757361709e-02
2.7442686519653886e-01
7.4085358648718214e-01
1.0929472069348871e+00
9.0725752068200036e-02
-5.6003768225711133e-02
8.7973746040140444e-01
5.5332354210955248e-01
5.6891970557254323e-01
6.3765990278405404e-01
8.3910424390657967e-01
3.5063181668373489e-01
-6.2113733279882311e-01
-8.4999035585292801e-02
-1.9372574300980050e-01
1.8331530615547217e-01
9.1858358074922231e-01
6.7792591939119529e-01
-1.8382396254702762e+00
1.1379384808377867e-01
7.5210868925053728e-02
-2.4768539082913196e-01
3.9890535939903232e-01
-5.1483177748580744e-01
1.5267607669836590e-02
-1.0489525754632019e+00
3.1256276224825419e-01
8.5118829528609952e-01
-1.3298662685913269e+00
-1.1778467979663971e-02
1.7865702207672298e+00
2.6506512738064303e-01
9.4533599049256722e-01
2.8880893351952508e-01
-2.0929055664788060e-02
-9.5606779446997237e-01
-2.3922697203231807e-01
-1.0173713818351895e+00
-8.7672099354393895e-01
-1.6150254511175286e+00
2.4259692514194060e+00
1.3551584704585353e+00
2.4712833386241853e-01
-1.3480846504002282e+00
-1.0495758417105474e+00
3.8788655389293325e-01
7.2130242820358825e-01
1.4836717314001004e+00
-3.0651072219888133e-02
3.5780287442174774e-01
-3.3469552284353338e-01
1.3542172316241656e+00
2.7200351889695660e+00
-2.0242617670383281e+00
-1.1599764997834745e+00
1.8955403789826402e+00
1.6585377957225631e+00
1.0185253476836793e+00
-3.8070423054866263e-02
4.9719174539337507e-01
4.8799777411329953e-01
2.1495166425349108e+00
5.9906551237829098e-01
5.4325566062942687e-01
-4.7712653394490823e-01
-7.7626226242980612e-01
-6.7473366760879372e-01
-4.3112393236358143e-01
8.5241986965939065e-01
-1.1939913842244667e+00
2.3540416105621058e+00
1.1278797687535538e+00
1.1011621164578944e-01
6.1175768450922319e-01
1.6104285931242655e+00
1.0896011452583512e+00
-8.8210660251238515e-01
-3.3793372433467828e-01
-1.5074872438799999e-01
1.0905195313881331e+00
1.0557069546651316e+00
1.8234589612126495e+00
9.1776755151187184e-01
1.1960816608555964e+00
3.9352885404658439e-01
4.1736668189845511e-01
-6.5318378774614716e-01
-8.6206354993270762e-01
4.2822091918261596e-01
-1.3304580570114393e+00
-8.7131535530946005e-02
4.9849713837927673e-01
1.1576488416561066e+00
2.3079071470529691e+00
1.0372549833884848e+00
2.0164016795845945e+00
8.8682508295615237e-01
9.9050863651513743e-01
8.2954959347407697e-01
-5.8118502496810309e-01
-8.1975764435282672e-01
-1.7726688531195786e-01
2.3007979245443302e+00
-8.6549124840122182e-01
7.6762490804103645e-01
2.1720380161358479e+00
1.1128387404192897e+00
1.2503181071935496e+00
-7.0350831698062499e-01
7.4601237944563337e-01
1.6764551405822179e+00
-4.7277023514022726e-01
1.0614530719165007e+00
-1.5409988822680565e+00
-8.1138930452976465e-01
7.6377441914163055e-02
-9.0634926552582512e-02
-6.2435179990189194e-01
1.1669259395465672e+00
-3.8915387108531546e-01
1.5572018606629837e-01
-2.2905269554244330e-02
1.4082136104722311e+00
2.6535329064972926e+00
1.0376261125708461e+00
-8.6544305505274621e-01
2.8692516378195981e-01
-1.1098534057434981e+00
8.1430850975662716e-01
1.8988179303920854e+00
-7.6239530840051983e-01
6.1017327234267649e-01
9.2497565469246645e-01
1.6320253872110231e+00
-8.2366508194692634e-01
1.2899864568986241e+00
1.2787575708936934e+00
1.0514838050576452e+00
-7.7407403798155094e-01
1.5953229708176522e+00
1.2904100284374960e+00
2.3088977921088070e+00
-5.8784043163257105e-01
-1.1235758733820684e+00
4.4603585599730439e-01
1.9041015658870220e-01
3.4039010123832911e-02
2.0204881003952337e+00
-8.9875100265213739e-02
-1.0605438418085329e-01
-2.0114682328467365e-01
1.2678075425927613e+00
5.3987574645995418e-01
2.5262926030779966e+00
2.1826237764238408e+00
1.5346201382191507e+00
-9.2320193189822752e-01
9.2721609413741934e-01
1.8348983211304788e+00
3.6926837703298604e-01
-2.3591959007128254e+00
-1.0683403507984193e-01
-2.0082358936060007e-01
2.7537349741197623e+00
3.1085614870455608e-01
-7.3918285778556625e-01
6.6954315075824267e-01
-8.1276335621480988e-01
7.8768519802738662e-02
-6.2392182653538508e-01
-6.7460389933345166e-01
7.3838873835727714e-01
8.7475346410974708e-01
-4.5750312033163688e-02
3.4663865343105860e-01
-1.4780468558034499e+00
-7.5934419143268883e-01
1.6815063763045233e+00
1.0756119917993905e+00
4.0982590999817325e-01
9.1876043192439150e-01
9.4443863860883037e-01
-1.0291882555123131e+00
1.5416694884284846e-01
-3.9077943524235997e-01
-5.0467846141301553e-01
1.4746882059035455e+00
-9.7995027565190718e-01
-1.5204372882028475e-01
1.4807566399714778e+00
3.9372794543660161e-01
1.3507235341673269e+00
1.7151660999011689e+00
7.3419325345418907e-01
-4.9357390380232630e-01
9.0013209092895252e-01
5.1323241977772438e-01
2.4071981090775602e-01
-1.2775567513132977e-01
