Нормальное с масштабом 1.0000 со сдвигом 0.0000
0 500
5.5241297489904451e-01
-3.2011180375827303e-01
-2.5573134803562454e-02
4.4085358648752232e-01
7.9294720684057296e-01
-2.0927424793180008e-01
-3.5600376822571117e-01
5.7973746040143359e-01
2.5332354210962144e-01
2.6891970557265876e-01
3.3765990278442753e-01
5.3910424390665745e-01
5.0631816683770800e-02
-9.2113733279697063e-01
-3.8499903558529275e-01
-4.9372574300986316e-01
-1.1668469386840459e-01
6.1858358074923081e-01
3.7792591939163656e-01
-2.1382396254637732e+00
-1.8620615208617641e-01
-2.2478913107494611e-01
-5.4768539082915157e-01
9.8905359399062587e-02
-8.1483177743024926e-01
-2.8473239233074060e-01
-1.3489525750643172e+00
1.2562762248254273e-02
5.5118829528615887e-01
-1.6298662684635690e+00
-3.1177846798098363e-01
1.4865702207673768e+00
-3.4934872619623296e-02
6.4533599049257073e-01
-1.1191066480486633e-02
-3.2092905566566526e-01
-1.2560677941602740e+00
-5.3922697203234216e-01
-1.3173713818182780e+00
-1.1767209935171898e+00
-1.9150254511134654e+00
2.1259692532608425e+00
1.0551584705699224e+00
-5.2871666138680294e-02
-1.6480846504002278e+00
-1.3495758412907675e+00
8.7886553892980071e-02
4.2130242801842910e-01
1.1836717313878684e+00
-3.3065107221988810e-01
5.7802874421768721e-02
-6.3469552284353403e-01
1.0542172317275644e+00
2.4200351890412510e+00
-2.3242617670076191e+00
-1.4599765004479459e+00
1.5955403788935514e+00
1.3585377957249112e+00
7.1852534768367937e-01
-3.3807042305486618e-01
1.9719174539337680e-01
1.8799777411330018e-01
1.8495166422880109e+00
2.9906551237852164e-01
2.4325566062947288e-01
-7.7712653381107077e-01
-1.0762622624298059e+00
-9.7473366760862534e-01
-7.3112393204189308e-01
5.5241986965944834e-01
-1.4939913842396622e+00
2.0540416105623001e+00
8.2787976888505121e-01
-1.8988378853874716e-01
3.1175768450950436e-01
1.3104285931174207e+00
7.8960114515657276e-01
-1.1821066024976885e+00
-6.3793372433467921e-01
-4.5074872438811853e-01
7.9051953128844932e-01
7.5570695445859726e-01
1.5234589612108009e+00
6.1776755151188090e-01
8.9608166085112240e-01
9.3528854046622326e-02
1.1736668189846534e-01
-9.5318378774567403e-01
-1.1620635498214069e+00
1.2822091918262019e-01
-1.6304580568906715e+00
-3.8713153553094587e-01
1.9849713837927876e-01
8.5764884165980293e-01
2.0079071470682708e+00
7.3725498309889814e-01
1.7164016797765189e+00
5.8682508295617586e-01
6.9050863651513816e-01
5.2954959347417196e-01
-8.8118502496013340e-01
-1.1197576443528268e+00
-4.7726688531204042e-01
2.0007979245715077e+00
-1.1654912483196096e+00
4.6762490804129425e-01
1.8720380160668120e+00
8.1283874036076431e-01
9.5031810719300125e-01
-1.0035083169805894e+00
4.4601237944595812e-01
1.3764551405849215e+00
-7.7277023499350450e-01
7.6145307173184118e-01
-1.8409988819537930e+00
-1.1113893045297651e+00
-2.2362255808583709e-01
-3.9063492680787665e-01
-9.2435179990026284e-01
8.6692593954301556e-01
-6.8915387108531578e-01
-1.4427981399153214e-01
-3.2290526955424442e-01
1.1082136104722315e+00
2.3535329064959010e+00
7.3762611228312969e-01
-1.1654430549707688e+00
-1.3074836218057148e-02
-1.4098534057434964e+00
5.1430850975675479e-01
1.5988179302881256e+00
-1.0623953084005195e+00
3.1017327234295144e-01
6.2497565469247318e-01
1.3320253871253460e+00
-1.1236650819469258e+00
9.8998645689858644e-01
9.7875757089355508e-01
7.5148380483385524e-01
-1.0740740379815505e+00
1.2953229708170932e+00
9.9041002843746306e-01
2.0088977921229070e+00
-8.8784043162621518e-01
-1.4235758733820678e+00
1.4603585599730479e-01
-1.0958984342976599e-01
-2.6596098987616706e-01
1.7204881005493746e+00
-3.8987510052557373e-01
-4.0605438434805902e-01
-5.0114682328472826e-01
9.6780754259251767e-01
2.3987574645999379e-01
2.2262926030784289e+00
1.8826237763877371e+00
1.2346201382192885e+00
-1.2232019319979377e+00
6.2721609413742585e-01
1.5348983211267571e+00
6.9268377032976239e-02
-2.6591959007157948e+00
-4.0683403524329675e-01
-5.0082358936065519e-01
2.4537349746308403e+00
1.0856148704556191e-02
-1.0391828577855626e+00
3.6954315075867927e-01
-1.1127633562148103e+00
-2.2123148019726138e-01
-9.2392182653372779e-01
-9.7460389933328251e-01
4.3838873835762471e-01
5.7475346410978034e-01
-3.4575031203316375e-01
4.6638653431100151e-02
-1.7780468558049183e+00
-1.0593441914326882e+00
1.3815063763072466e+00
7.7561199166117722e-01
1.0982590999819049e-01
6.1876043192440022e-01
6.4443863860883399e-01
-1.3291882554472938e+00
-1.4583305121765033e-01
-6.9077943524235985e-01
-8.0467846134157828e-01
1.1746882058704025e+00
-1.2799502756584231e+00
-4.5204372882040134e-01
1.1807566399543279e+00
9.3727945436639523e-02
1.0507235342453114e+00
1.4151660999032971e+00
4.3419325345454818e-01
-7.9357390394954663e-01
6.0013209092896824e-01
2.1323241977773205e-01
-5.9280189093910730e-02
-4.2775567497919137e-01
-7.6296133957333567e-01
-1.2359918671047567e+00
4.5469159794011216e-01
6.7477950185229918e-01
4.3012648974298373e-01
6.9115977865565625e-01
-1.0575773662420356e+00
1.7848528157102173e-01
5.6914386380132198e-01
-2.7103248412403658e-01
-1.5302134310571572e-01
-5.7096804520738520e-01
1.7898534669996372e-01
1.2281589778477899e+00
9.9920963636296056e-01
-3.7346840178606927e-01
4.6320265109912406e-01
-1.4352297111664707e+00
1.5185047312294347e-01
1.9612913208785034e+00
-6.8752932759272423e-01
1.4670035446545568e+00
-1.8137522005726514e+00
9.8924496310457211e-01
-5.6753271598196497e-01
-8.5121112583652025e-01
-3.8320383818603826e-01
-3.1518894067988706e-01
-1.0403595894664242e+00
5.4926861236489155e-01
-1.6284806154989742e+00
1.0297744091426839e+00
1.0211383703833800e-01
-1.3946679003440976e+00
2.4813077209947304e-01
1.3646139675266817e+00
1.5796421695352944e-01
3.7183623061835669e-01
-4.1244459398484323e-01
8.1850123761228882e-02
4.7296332191332391e-01
1.0541300403779279e+00
2.2801763095862588e-02
-9.3882509538630199e-01
1.8099231921595365e+00
2.8937357303786798e-01
-2.2915566699207299e-01
5.8667542735044020e-01
-2.9216551834638560e-01
-7.8995713868838746e-01
2.0415455583259052e+00
-1.0405749153794019e+00
-5.6949495335114197e-01
-5.8482590935708945e-01
-1.4659833235130690e+00
-2.1560123612653906e-01
4.9832924139748236e-01
-9.1402935476716862e-01
9.0843398837669787e-01
1.5063308724400843e+00
-5.7844103249203083e-01
-1.6272608291089026e+00
-8.9699854846019167e-01
-8.5602551159619400e-01
3.3402624175011658e-01
1.5121622448809400e+00
1.5530683772540085e-01
-9.0797081004660529e-01
-1.1909194112696095e+00
-1.0877319496721789e+00
1.5853414026861767e+00
-3.8269441452572422e-01
-1.0398958932317559e+00
-3.0278237441706091e-01
-1.3582390263821806e+00
4.4421989144147367e-01
1.1412050989766926e+00
-2.6961479890375678e-01
3.6126339989051842e-01
1.9300535281028372e-01
5.1746787354308776e-01
3.2114751450960211e-01
-1.6919300188326283e+00
-8.4614840046389039e-01
-5.1387662034597370e-01
1.0608971181584803e+00
-6.5485627564916371e-01
9.9202360500342879e-01
-5.2093341734513643e-01
1.4150656546138125e+00
-6.8403453232115785e-01
-1.0053856963220320e+00
-1.4327029394032004e-01
-2.2742503882506746e+00
2.1191014100309313e-01
-9.0728874139237936e-01
-2.5093935532641737e-01
3.3644111040053298e-01
-1.8988175685068331e+00
2.8814360151602094e+00
1.8861704921429623e-01
1.6629623856511075e+00
1.3932288274432951e+00
-1.2401691827083621e+00
1.6488635639986740e+00
2.2361538212207435e-01
-2.1320856837914586e+00
1.7818577007369843e-01
-9.8585678111554206e-02
-7.4449012808592852e-01
-6.7155577336404515e-01
-7.7719193330865821e-01
1.9684140787043529e+00
1.4162404900844661e+00
3.0610224815083360e-02
-9.7161752954704361e-02
5.4890659270639774e-01
4.5344354742584025e-02
2.3165493481953750e-01
7.6269310355366104e-01
-2.0773946655998610e-01
6.7216582814963410e-01
1.6418024675256926e+00
-1.1819009321625258e+00
-3.1026151878611818e-01
-2.5751075052084177e-01
-1.6084821343625737e+00
-1.0742610763652551e+00
7.0685795519453615e-02
-3.2896490994313876e-01
-6.3609526798588820e-02
-9.5872244507137649e-01
-2.6962832201700337e-01
1.6732789391430707e+00
7.7748963939494126e-02
-8.4569618202758035e-01
-1.5624423427453165e+00
-6.7533810557624507e-01
2.5475736101895397e-01
-7.6275126328019238e-01
2.3874967714790940e+00
4.4105796123858598e-01
-3.9897397098278981e-01
-9.0295293059775539e-01
3.7846234730503037e-01
8.5203496341770557e-01
6.7808272947131265e-01
-8.6909056936245466e-01
1.2613111447763778e+00
9.1528840307949322e-01
-4.8978291930725365e-01
-1.1391541181054625e+00
8.5065001704207699e-01
-8.9563279499496540e-01
6.0368594318922320e-01
-6.2950673924316858e-01
-2.0131988596896999e+00
-7.7209291624069143e-01
3.2980402915123247e-01
1.5462561661576808e+00
6.3187228695969078e-01
2.2451438320435573e+00
6.3786877178937751e-01
-2.1856788479155971e+00
-1.5812138897159800e+00
-7.4495856937506189e-01
1.6072695911381980e+00
-7.2619949496626524e-01
-7.0109707389514486e-01
-9.5370360908699103e-02
-9.6832948436033639e-01
3.7437040420996881e-01
5.5004881529050231e-01
1.4838722908019708e+00
-1.0108883033264944e+00
-2.2114686836913227e+00
8.4633337584956803e-01
-6.6253640241679512e-01
3.0157047934109343e-01
-7.9426295379111234e-01
-5.6444675143588385e-01
5.0933230600872992e-01
2.1961640798301402e-02
8.2467461562595679e-01
4.6172985585406134e-01
-9.3352821786029938e-01
-2.0991352243803107e-01
-3.6464766860523251e-01
-7.0870847922493874e-01
5.0092323683229989e-01
-6.8228752451801100e-01
4.9573270787794652e-02
-4.4885901708152770e-01
6.8616656559071287e-01
1.9183918838429168e+00
-5.3238472884441035e-01
-2.9785576462923846e-01
-5.9207179424587586e-01
-1.6845245846088943e+00
1.4835100952112898e-01
1.0200438134424993e-01
1.2370281576678768e+00
-8.4433622859887791e-01
2.9243174022307222e-01
-1.2854910103127166e+00
4.8143608137052313e-01
5.6990793114834215e-01
-1.4475973203896922e-01
1.2348964244011911e+00
-5.4412636152309801e-01
2.4835412623075199e+00
-1.0858668151619779e+00
-1.4300593282061533e+00
1.1017571057752438e+00
7.8659272614894182e-01
-1.8215250455848864e+00
-7.0176561102480650e-01
-6.2496957154237268e-02
5.3271227173489109e-02
5.9266065695417136e-01
8.8330391971807354e-01
-4.7077759005521852e-01
1.5502257881822772e+00
-3.8961903880252879e-01
7.1843609493410721e-01
2.3429289559092257e-03
-8.4555038619907030e-01
-9.7600934260351502e-01
-1.2015323504716435e+00
1.8023834599582820e+00
-6.3860198542968494e-01
-1.4105599326856011e+00
-1.0763222174403915e+00
3.8924005756390917e-01
-9.9537689137946139e-01
-1.6149445104316987e-01
1.6003056314501258e+00
8.5372711266832091e-01
-5.9013586659725625e-01
-2.5253115273089072e-01
-7.4685387273435377e-01
2.3120313248882238e-02
4.9368863834291093e-01
-1.9602274677855049e+00
-3.3691289418197395e-01
-1.3751062660571076e+00
7.7237661221513057e-02
-1.7264489043397721e-01
-4.3509729093302224e-01
3.5460655415853187e-01
-8.7503436775393029e-01
1.7185725915285268e+00
3.7823358190838174e-01
1.0186021796950702e+00
-1.1244978183335286e+00
1.2859601887615684e+00
-5.9226859731653392e-01
7.7642394001166648e-01
8.7271350819284776e-01
-6.8996068964181978e-01
5.5681576275059708e-01
-2.2270528320577836e+00
6.5232471909252365e-01
1.0187360189557798e-01
7.4832263296768375e-01
-4.1352899047838504e-01
-3.2258530532972873e-01
5.2836749266162453e-01
-1.0582010881055208e+00
1.8068541588677958e-01
8.5839097690492316e-01
-1.4910125581046607e-01
1.6151637384409010e+00
7.6300549861686839e-01
3.9894858113388887e-01
1.8196886342056226e-01
-5.2811441293659211e-01
1.0348150917002303e+00
1.0324303738514304e+00
-3.4278582035983579e-02
-3.6622631582873383e-01
-2.0228880825463816e-01
3.6327337502956265e+00
-7.6145583723127774e-01
3.4768473644863224e-01
1.8943594321764876e-01
-2.1099906972650158e+00
1.4714109625405272e+00
-3.4876313527970093e-01
-4.2530755454960184e-01
-1.5211845665997839e-01
5.2579194365533266e-01
-1.0570009260113289e+00
5.3577111031836144e-01
4.5585698588890416e-02
5.0715532376303818e-01
-9.8548876254490114e-01
5.9065859143295124e-02
-2.4471417430840256e-01
4.5197655315641189e-01
