Нормальное с масштабом 1.0000 со сдвигом 0.3000
0 500
8.5241297489898660e-01
-2.0111803757361709e-02
2.7442686519653886e-01
7.4085358648718214e-01
1.0929472069348871e+00
9.0725752068200036e-02
-5.6003768225711133e-02
8.7973746040140444e-01
5.5332354210955248e-01
5.6891970557254323e-01
6.3765990278405404e-01
8.3910424390657967e-01
3.5063181668373489e-01
-6.2113733279882311e-01
-8.4999035585292801e-02
-1.9372574300980050e-01
1.8331530615547217e-01
9.1858358074922231e-01
6.7792591939119529e-01
-1.8382396254702762e+00
1.1379384808377867e-01
7.5210868925053728e-02
-2.4768539082913196e-01
3.9890535939903232e-01
-5.1483177748580744e-01
1.5267607669836590e-02
-1.0489525754632019e+00
3.1256276224825419e-01
8.5118829528609952e-01
-1.3298662685913269e+00
-1.1778467979663971e-02
1.7865702207672298e+00
2.6506512738064303e-01
9.4533599049256722e-01
2.8880893351952508e-01
-2.0929055664788060e-02
-9.5606779446997237e-01
-2.3922697203231807e-01
-1.0173713818351895e+00
-8.7672099354393895e-01
-1.6150254511175286e+00
2.4259692514194060e+00
1.3551584704585353e+00
2.4712833386241853e-01
-1.3480846504002282e+00
-1.0495758417105474e+00
3.8788655389293325e-01
7.2130242820358825e-01
1.4836717314001004e+00
-3.0651072219888133e-02
3.5780287442174774e-01
-3.3469552284353338e-01
1.3542172316241656e+00
2.7200351889695660e+00
-2.0242617670383281e+00
-1.1599764997834745e+00
1.8955403789826402e+00
1.6585377957225631e+00
1.0185253476836793e+00
-3.8070423054866263e-02
4.9719174539337507e-01
4.8799777411329953e-01
2.1495166425349108e+00
5.9906551237829098e-01
5.4325566062942687e-01
-4.7712653394490823e-01
-7.7626226242980612e-01
-6.7473366760879372e-01
-4.3112393236358143e-01
8.5241986965939065e-01
-1.1939913842244667e+00
2.3540416105621058e+00
1.1278797687535538e+00
1.1011621164578944e-01
6.1175768450922319e-01
1.6104285931242655e+00
1.0896011452583512e+00
-8.8210660251238515e-01
-3.3793372433467828e-01
-1.5074872438799999e-01
1.0905195313881331e+00
1.0557069546651316e+00
1.8234589612126495e+00
9.1776755151187184e-01
1.1960816608555964e+00
3.9352885404658439e-01
4.1736668189845511e-01
-6.5318378774614716e-01
-8.6206354993270762e-01
4.2822091918261596e-01
-1.3304580570114393e+00
-8.7131535530946005e-02
4.9849713837927673e-01
1.1576488416561066e+00
2.3079071470529691e+00
1.0372549833884848e+00
2.0164016795845945e+00
8.8682508295615237e-01
9.9050863651513743e-01
8.2954959347407697e-01
-5.8118502496810309e-01
-8.1975764435282672e-01
-1.7726688531195786e-01
2.3007979245443302e+00
-8.6549124840122182e-01
7.6762490804103645e-01
2.1720380161358479e+00
1.1128387404192897e+00
1.2503181071935496e+00
-7.0350831698062499e-01
7.4601237944563337e-01
1.6764551405822179e+00
-4.7277023514022726e-01
1.0614530719165007e+00
-1.5409988822680565e+00
-8.1138930452976465e-01
7.6377441914163055e-02
-9.0634926552582512e-02
-6.2435179990189194e-01
1.1669259395465672e+00
-3.8915387108531546e-01
1.5572018606629837e-01
-2.2905269554244330e-02
1.4082136104722311e+00
2.6535329064972926e+00
1.0376261125708461e+00
-8.6544305505274621e-01
2.8692516378195981e-01
-1.1098534057434981e+00
8.1430850975662716e-01
1.8988179303920854e+00
-7.6239530840051983e-01
6.1017327234267649e-01
9.2497565469246645e-01
1.6320253872110231e+00
-8.2366508194692634e-01
1.2899864568986241e+00
1.2787575708936934e+00
1.0514838050576452e+00
-7.7407403798155094e-01
1.5953229708176522e+00
1.2904100284374960e+00
2.3088977921088070e+00
-5.8784043163257105e-01
-1.1235758733820684e+00
4.4603585599730439e-01
1.9041015658870220e-01
3.4039010123832911e-02
2.0204881003952337e+00
-8.9875100265213739e-02
-1.0605438418085329e-01
-2.0114682328467365e-01
1.2678075425927613e+00
5.3987574645995418e-01
2.5262926030779966e+00
2.1826237764238408e+00
1.5346201382191507e+00
-9.2320193189822752e-01
9.2721609413741934e-01
1.8348983211304788e+00
3.6926837703298604e-01
-2.3591959007128254e+00
-1.0683403507984193e-01
-2.0082358936060007e-01
2.7537349741197623e+00
3.1085614870455608e-01
-7.3918285778556625e-01
6.6954315075824267e-01
-8.1276335621480988e-01
7.8768519802738662e-02
-6.2392182653538508e-01
-6.7460389933345166e-01
7.3838873835727714e-01
8.7475346410974708e-01
-4.5750312033163688e-02
3.4663865343105860e-01
-1.4780468558034499e+00
-7.5934419143268883e-01
1.6815063763045233e+00
1.0756119917993905e+00
4.0982590999817325e-01
9.1876043192439150e-01
9.4443863860883037e-01
-1.0291882555123131e+00
1.5416694884284846e-01
-3.9077943524235997e-01
-5.0467846141301553e-01
1.4746882059035455e+00
-9.7995027565190718e-01
-1.5204372882028475e-01
1.4807566399714778e+00
3.9372794543660161e-01
1.3507235341673269e+00
1.7151660999011689e+00
7.3419325345418907e-01
-4.9357390380232630e-01
9.0013209092895252e-01
5.1323241977772438e-01
2.4071981090775602e-01
-1.2775567513132977e-01
-4.6296133975255205e-01
-9.3599186704783588e-01
7.5469159793981377e-01
9.7477950185229845e-01
7.3012649000633212e-01
9.9115977865565552e-01
-7.5757736624203620e-01
4.7848528157102171e-01
8.6914386380128417e-01
2.8967515875963516e-02
1.4697865696840323e-01
-2.7096804520737472e-01
4.7898534669996362e-01
1.5281589778476998e+00
1.2992096363627887e+00
-7.3468401786069393e-02
7.6320265109885221e-01
-1.1352297111664755e+00
4.5185047312294335e-01
2.2612913204121341e+00
-3.8752932759272418e-01
1.7670035446539643e+00
-1.5137522005576944e+00
1.2892449631046186e+00
-2.6753271598195383e-01
-5.5121112585702059e-01
-8.3203838186038312e-02
-1.5188940678748888e-02
-7.4035958946642710e-01
8.4926861236482942e-01
-1.3284806156406255e+00
1.3297744091312884e+00
4.0211383703831211e-01
-1.0946679003440960e+00
5.4813077209941663e-01
1.6646139675241676e+00
4.5796421695352935e-01
6.7183623061791886e-01
-1.1244459422450381e-01
3.8185012376117211e-01
7.7296332191308248e-01
1.3541300402752425e+00
3.2280176309585962e-01
-6.3882509538719423e-01
2.1099231921589845e+00
5.8937357303767679e-01
7.0844333007927016e-02
8.8667542735041671e-01
7.8344816544621779e-03
-4.8995713849569617e-01
2.3415455583251843e+00
-7.4057491537940545e-01
-2.6949495335113116e-01
-2.8482590935708268e-01
-1.1659833231279482e+00
8.4398763873461013e-02
7.9832924139731487e-01
-6.1402935476961518e-01
1.2084339883797124e+00
1.8063308724405973e+00
-2.7844103249202257e-01
-1.3272608292601802e+00
-5.9699854846479750e-01
-5.5602551161394731e-01
6.3402624174975453e-01
1.8121622448817840e+00
4.5530683772540081e-01
-6.0797081004968512e-01
-8.9091941090912441e-01
-7.8773194967217852e-01
1.8853414027407407e+00
-8.2694414525724361e-02
-7.3989589323175931e-01
-2.7823744170573251e-03
-1.0582390263821415e+00
7.4421989144114342e-01
1.4412050989766931e+00
3.0385201096243035e-02
6.6126339989009153e-01
4.9300535281028263e-01
8.1746787354296757e-01
6.2114751450928452e-01
-1.3919300188326316e+00
-5.4614840048766455e-01
-2.1387662034593141e-01
1.3608971179855021e+00
-3.5485627564916350e-01
1.2920236050034388e+00
-2.2093341734509980e-01
1.7150656546116820e+00
-3.8403453232115753e-01
-7.0538569632206327e-01
1.5672970611582623e-01
-1.9742503898825092e+00
5.1191014100308629e-01
-6.0728874139553912e-01
4.9060644673582662e-02
6.3644111040016316e-01
-1.5988175672845915e+00
3.1814360151614078e+00
4.8861704921429588e-01
1.9629623856511105e+00
1.6932288274406504e+00
-9.4016918266125948e-01
1.9488635639986747e+00
5.2361538212205827e-01
-1.8320856838021047e+00
4.7818577007369828e-01
2.0141432190048916e-01
-4.4449012834055779e-01
-3.7155577336404505e-01
-4.7719193344230904e-01
2.2684140784138909e+00
1.7162404900823687e+00
3.3061022481503871e-01
2.0283824705665832e-01
8.4890659270633484e-01
3.4534435474254072e-01
5.3165493481951143e-01
1.0626931037338363e+00
9.2260533440013948e-02
9.7216582814963259e-01
1.9418024682169062e+00
-8.8190093217757592e-01
-1.0261518784711088e-02
4.2489249479158289e-02
-1.3084821345012743e+00
-7.7426107636525521e-01
3.7068579551946762e-01
-2.8964909943138776e-02
2.3639047320357653e-01
-6.5872244507174305e-01
3.0371677982996566e-02
1.9732789391430734e+00
3.7774896416854131e-01
-5.4569618205166781e-01
-1.2624423427624283e+00
-3.7533810557624475e-01
5.5475736101888107e-01
-4.6275126346015943e-01
2.6874967714729245e+00
7.4105796123824630e-01
-9.8973970778514636e-02
-6.0295293060146626e-01
6.7846234730458899e-01
1.1520349634053813e+00
9.7808272947131136e-01
-5.6909056937429203e-01
1.5613111447757346e+00
1.2152884030818383e+00
-1.8978291930718683e-01
-8.3915411810546270e-01
1.1506500170269400e+00
-5.9563279499980193e-01
9.0368594318920925e-01
-3.2950673924316737e-01
-1.7131988592618850e+00
-4.7209291638950029e-01
6.2980402915088429e-01
1.8462561661648076e+00
9.3187228695968582e-01
2.5451438320115427e+00
9.3786877178937322e-01
-1.8856788479156956e+00
-1.2812138897603726e+00
-4.4495856962753566e-01
1.9072695912919304e+00
-4.2619949496626525e-01
-4.0109707389514493e-01
2.0462963910185120e-01
-6.6832948436056760e-01
6.7437040420952887e-01
8.5004881529044107e-01
1.7838722908017588e+00
-7.1088830332651709e-01
-1.9114686836913288e+00
1.1463333758234995e+00
-3.6253640241679463e-01
6.0157047934085284e-01
-4.9426295365161060e-01
-2.6444675143587160e-01
8.0933230600858996e-01
3.2196164079829903e-01
1.1246746154613894e+00
7.6172985585378516e-01
-6.3352821786141711e-01
9.0086477561968983e-02
-6.4647668605232536e-02
-4.0870847922493886e-01
8.0092323683213940e-01
-3.8228752451801118e-01
3.4957327078775702e-01
-1.4885901708140617e-01
9.8616656559071225e-01
2.2183918838460963e+00
-2.3238472884438194e-01
2.1442353718915457e-03
-2.9207179424587004e-01
-1.3845245846088929e+00
4.4835100952112872e-01
4.0200438134422406e-01
1.5370281576677187e+00
-5.4433622862392772e-01
5.9243174022286893e-01
-9.8549101030798181e-01
7.8143608137030729e-01
8.6990793114830434e-01
1.5524026801967580e-01
1.5348964244010515e+00
-2.4412636152307690e-01
2.7835412590623871e+00
-7.8586681516197832e-01
-1.1300593282061551e+00
1.4017571057752429e+00
1.0865927262578265e+00
-1.5215250465515582e+00
-4.0176561102480646e-01
2.3750304284778989e-01
3.5327122717345821e-01
8.9266065695415120e-01
1.1833039197238535e+00
-1.7077759005512780e-01
1.8502257881911488e+00
-8.9619038540445325e-02
1.0184360949341069e+00
3.0234292895590903e-01
-5.4555038622325913e-01
-6.7600934260367274e-01
-9.0153235023006972e-01
2.1023834599573337e+00
-3.3860198542968412e-01
-1.1105599326856015e+00
-7.7632221744039209e-01
6.8924005756346940e-01
-6.9537689137951775e-01
1.3850554904992374e-01
1.9003056315615778e+00
1.1537271126590360e+00
-2.9013586659725055e-01
4.7468847269109285e-02
-4.4685387297823936e-01
3.2312031324887913e-01
7.9368863834273062e-01
-1.6602274677856186e+00
-3.6912894181974000e-02
-1.0751062660570976e+00
3.7723766144165843e-01
1.2735510968951635e-01
-1.3509729093288142e-01
6.5460655415811653e-01
-5.7503436776370065e-01
2.0185725913576396e+00
6.7823358190794047e-01
1.3186021796917808e+00
-8.2449781833352898e-01
1.5859601887616146e+00
-2.9226859731652838e-01
1.0764239401475200e+00
1.1727135081981674e+00
-3.8996068964181968e-01
8.5681576275054505e-01
-1.9270528320577849e+00
9.5232471909252092e-01
4.0187360189555171e-01
1.0483226332050588e+00
-1.1352899071083219e-01
-2.2585305328917289e-02
8.2836749266152720e-01
-7.5820108810552211e-01
4.8068541588677943e-01
1.1583909769020841e+00
1.5089874425595975e-01
1.9151637386605340e+00
1.0630054987959272e+00
6.9894858113345770e-01
4.8196886342056217e-01
-2.2811441293656093e-01
1.3348150916813559e+00
1.3324303738365071e+00
2.6572141796426685e-01
-6.6226315828733812e-02
9.7711191985899087e-02
3.9327338144159367e+00
-4.6145583741592766e-01
6.4768473644823188e-01
4.8943594321764833e-01
-1.8099906973226996e+00
1.7714109625400356e+00
-4.8763135279701171e-02
-1.2530755471376762e-01
1.4788154341231058e-01
8.2579194365522990e-01
-7.5700092601132996e-01
8.3577111031827767e-01
3.4558569858884730e-01
8.0715532376289345e-01
-6.8548876254499769e-01
3.5906585914327738e-01
5.5285825691597457e-02
7.5197655315610490e-01
