об 300
0 600
5.5241297489904451e-01
-3.2011180375827303e-01
-2.5573134803562454e-02
4.4085358648752232e-01
7.9294720684057296e-01
-2.0927424793180008e-01
-3.5600376822571117e-01
5.7973746040143359e-01
2.5332354210962144e-01
2.6891970557265876e-01
3.3765990278442753e-01
5.3910424390665745e-01
5.0631816683770800e-02
-9.2113733279697063e-01
-3.8499903558529275e-01
-4.9372574300986316e-01
-1.1668469386840459e-01
6.1858358074923081e-01
3.7792591939163656e-01
-2.1382396254637732e+00
-1.8620615208617641e-01
-2.2478913107494611e-01
-5.4768539082915157e-01
9.8905359399062587e-02
-8.1483177743024926e-01
-2.8473239233074060e-01
-1.3489525750643172e+00
1.2562762248254273e-02
5.5118829528615887e-01
-1.6298662684635690e+00
-3.1177846798098363e-01
1.4865702207673768e+00
-3.4934872619623296e-02
6.4533599049257073e-01
-1.1191066480486633e-02
-3.2092905566566526e-01
-1.2560677941602740e+00
-5.3922697203234216e-01
-1.3173713818182780e+00
-1.1767209935171898e+00
-1.9150254511134654e+00
2.1259692532608425e+00
1.0551584705699224e+00
-5.2871666138680294e-02
-1.6480846504002278e+00
-1.3495758412907675e+00
8.7886553892980071e-02
4.2130242801842910e-01
1.1836717313878684e+00
-3.3065107221988810e-01
5.7802874421768721e-02
-6.3469552284353403e-01
1.0542172317275644e+00
2.4200351890412510e+00
-2.3242617670076191e+00
-1.4599765004479459e+00
1.5955403788935514e+00
1.3585377957249112e+00
7.1852534768367937e-01
-3.3807042305486618e-01
1.9719174539337680e-01
1.8799777411330018e-01
1.8495166422880109e+00
2.9906551237852164e-01
2.4325566062947288e-01
-7.7712653381107077e-01
-1.0762622624298059e+00
-9.7473366760862534e-01
-7.3112393204189308e-01
5.5241986965944834e-01
-1.4939913842396622e+00
2.0540416105623001e+00
8.2787976888505121e-01
-1.8988378853874716e-01
3.1175768450950436e-01
1.3104285931174207e+00
7.8960114515657276e-01
-1.1821066024976885e+00
-6.3793372433467921e-01
-4.5074872438811853e-01
7.9051953128844932e-01
7.5570695445859726e-01
1.5234589612108009e+00
6.1776755151188090e-01
8.9608166085112240e-01
9.3528854046622326e-02
1.1736668189846534e-01
-9.5318378774567403e-01
-1.1620635498214069e+00
1.2822091918262019e-01
-1.6304580568906715e+00
-3.8713153553094587e-01
1.9849713837927876e-01
8.5764884165980293e-01
2.0079071470682708e+00
7.3725498309889814e-01
1.7164016797765189e+00
5.8682508295617586e-01
6.9050863651513816e-01
5.2954959347417196e-01
-8.8118502496013340e-01
-1.1197576443528268e+00
-4.7726688531204042e-01
2.0007979245715077e+00
-1.1654912483196096e+00
4.6762490804129425e-01
1.8720380160668120e+00
8.1283874036076431e-01
9.5031810719300125e-01
-1.0035083169805894e+00
4.4601237944595812e-01
1.3764551405849215e+00
-7.7277023499350450e-01
7.6145307173184118e-01
-1.8409988819537930e+00
-1.1113893045297651e+00
-2.2362255808583709e-01
-3.9063492680787665e-01
-9.2435179990026284e-01
8.6692593954301556e-01
-6.8915387108531578e-01
-1.4427981399153214e-01
-3.2290526955424442e-01
1.1082136104722315e+00
2.3535329064959010e+00
7.3762611228312969e-01
-1.1654430549707688e+00
-1.3074836218057148e-02
-1.4098534057434964e+00
5.1430850975675479e-01
1.5988179302881256e+00
-1.0623953084005195e+00
3.1017327234295144e-01
6.2497565469247318e-01
1.3320253871253460e+00
-1.1236650819469258e+00
9.8998645689858644e-01
9.7875757089355508e-01
7.5148380483385524e-01
-1.0740740379815505e+00
1.2953229708170932e+00
9.9041002843746306e-01
2.0088977921229070e+00
-8.8784043162621518e-01
-1.4235758733820678e+00
1.4603585599730479e-01
-1.0958984342976599e-01
-2.6596098987616706e-01
1.7204881005493746e+00
-3.8987510052557373e-01
-4.0605438434805902e-01
-5.0114682328472826e-01
9.6780754259251767e-01
2.3987574645999379e-01
2.2262926030784289e+00
1.8826237763877371e+00
1.2346201382192885e+00
-1.2232019319979377e+00
6.2721609413742585e-01
1.5348983211267571e+00
6.9268377032976239e-02
-2.6591959007157948e+00
-4.0683403524329675e-01
-5.0082358936065519e-01
2.4537349746308403e+00
1.0856148704556191e-02
-1.0391828577855626e+00
3.6954315075867927e-01
-1.1127633562148103e+00
-2.2123148019726138e-01
-9.2392182653372779e-01
-9.7460389933328251e-01
4.3838873835762471e-01
5.7475346410978034e-01
-3.4575031203316375e-01
4.6638653431100151e-02
-1.7780468558049183e+00
-1.0593441914326882e+00
1.3815063763072466e+00
7.7561199166117722e-01
1.0982590999819049e-01
6.1876043192440022e-01
6.4443863860883399e-01
-1.3291882554472938e+00
-1.4583305121765033e-01
-6.9077943524235985e-01
-8.0467846134157828e-01
1.1746882058704025e+00
-1.2799502756584231e+00
-4.5204372882040134e-01
1.1807566399543279e+00
9.3727945436639523e-02
1.0507235342453114e+00
1.4151660999032971e+00
4.3419325345454818e-01
-7.9357390394954663e-01
6.0013209092896824e-01
2.1323241977773205e-01
-5.9280189093910730e-02
-4.2775567497919137e-01
-7.6296133957333567e-01
-1.2359918671047567e+00
4.5469159794011216e-01
6.7477950185229918e-01
4.3012648974298373e-01
6.9115977865565625e-01
-1.0575773662420356e+00
1.7848528157102173e-01
5.6914386380132198e-01
-2.7103248412403658e-01
-1.5302134310571572e-01
-5.7096804520738520e-01
1.7898534669996372e-01
1.2281589778477899e+00
9.9920963636296056e-01
-3.7346840178606927e-01
4.6320265109912406e-01
-1.4352297111664707e+00
1.5185047312294347e-01
1.9612913208785034e+00
-6.8752932759272423e-01
1.4670035446545568e+00
-1.8137522005726514e+00
9.8924496310457211e-01
-5.6753271598196497e-01
-8.5121112583652025e-01
-3.8320383818603826e-01
-3.1518894067988706e-01
-1.0403595894664242e+00
5.4926861236489155e-01
-1.6284806154989742e+00
1.0297744091426839e+00
1.0211383703833800e-01
-1.3946679003440976e+00
2.4813077209947304e-01
1.3646139675266817e+00
1.5796421695352944e-01
3.7183623061835669e-01
-4.1244459398484323e-01
8.1850123761228882e-02
4.7296332191332391e-01
1.0541300403779279e+00
2.2801763095862588e-02
-9.3882509538630199e-01
1.8099231921595365e+00
2.8937357303786798e-01
-2.2915566699207299e-01
5.8667542735044020e-01
-2.9216551834638560e-01
-7.8995713868838746e-01
2.0415455583259052e+00
-1.0405749153794019e+00
-5.6949495335114197e-01
-5.8482590935708945e-01
-1.4659833235130690e+00
-2.1560123612653906e-01
4.9832924139748236e-01
-9.1402935476716862e-01
9.0843398837669787e-01
1.5063308724400843e+00
-5.7844103249203083e-01
-1.6272608291089026e+00
-8.9699854846019167e-01
-8.5602551159619400e-01
3.3402624175011658e-01
1.5121622448809400e+00
1.5530683772540085e-01
-9.0797081004660529e-01
-1.1909194112696095e+00
-1.0877319496721789e+00
1.5853414026861767e+00
-3.8269441452572422e-01
-1.0398958932317559e+00
-3.0278237441706091e-01
-1.3582390263821806e+00
4.4421989144147367e-01
1.1412050989766926e+00
-2.6961479890375678e-01
3.6126339989051842e-01
1.9300535281028372e-01
5.1746787354308776e-01
3.2114751450960211e-01
-1.6919300188326283e+00
-8.4614840046389039e-01
-5.1387662034597370e-01
1.0608971181584803e+00
-6.5485627564916371e-01
9.9202360500342879e-01
-5.2093341734513643e-01
1.4150656546138125e+00
-6.8403453232115785e-01
-1.0053856963220320e+00
-1.4327029394032004e-01
-2.2742503882506746e+00
2.1191014100309313e-01
-9.0728874139237936e-01
-2.5093935532641737e-01
3.3644111040053298e-01
-1.8988175685068331e+00
2.8814360151602094e+00
8.5241297489898660e-01
-2.0111803757361709e-02
2.7442686519653886e-01
7.4085358648718214e-01
1.0929472069348871e+00
9.0725752068200036e-02
-5.6003768225711133e-02
8.7973746040140444e-01
5.5332354210955248e-01
5.6891970557254323e-01
6.3765990278405404e-01
8.3910424390657967e-01
3.5063181668373489e-01
-6.2113733279882311e-01
-8.4999035585292801e-02
-1.9372574300980050e-01
1.8331530615547217e-01
9.1858358074922231e-01
6.7792591939119529e-01
-1.8382396254702762e+00
1.1379384808377867e-01
7.5210868925053728e-02
-2.4768539082913196e-01
3.9890535939903232e-01
-5.1483177748580744e-01
1.5267607669836590e-02
-1.0489525754632019e+00
3.1256276224825419e-01
8.5118829528609952e-01
-1.3298662685913269e+00
-1.1778467979663971e-02
1.7865702207672298e+00
2.6506512738064303e-01
9.4533599049256722e-01
2.8880893351952508e-01
-2.0929055664788060e-02
-9.5606779446997237e-01
-2.3922697203231807e-01
-1.0173713818351895e+00
-8.7672099354393895e-01
-1.6150254511175286e+00
2.4259692514194060e+00
1.3551584704585353e+00
2.4712833386241853e-01
-1.3480846504002282e+00
-1.0495758417105474e+00
3.8788655389293325e-01
7.2130242820358825e-01
1.4836717314001004e+00
-3.0651072219888133e-02
3.5780287442174774e-01
-3.3469552284353338e-01
1.3542172316241656e+00
2.7200351889695660e+00
-2.0242617670383281e+00
-1.1599764997834745e+00
1.8955403789826402e+00
1.6585377957225631e+00
1.0185253476836793e+00
-3.8070423054866263e-02
4.9719174539337507e-01
4.8799777411329953e-01
2.1495166425349108e+00
5.9906551237829098e-01
5.4325566062942687e-01
-4.7712653394490823e-01
-7.7626226242980612e-01
-6.7473366760879372e-01
-4.3112393236358143e-01
8.5241986965939065e-01
-1.1939913842244667e+00
2.3540416105621058e+00
1.1278797687535538e+00
1.1011621164578944e-01
6.1175768450922319e-01
1.6104285931242655e+00
1.0896011452583512e+00
-8.8210660251238515e-01
-3.3793372433467828e-01
-1.5074872438799999e-01
1.0905195313881331e+00
1.0557069546651316e+00
1.8234589612126495e+00
9.1776755151187184e-01
1.1960816608555964e+00
3.9352885404658439e-01
4.1736668189845511e-01
-6.5318378774614716e-01
-8.6206354993270762e-01
4.2822091918261596e-01
-1.3304580570114393e+00
-8.7131535530946005e-02
4.9849713837927673e-01
1.1576488416561066e+00
2.3079071470529691e+00
1.0372549833884848e+00
2.0164016795845945e+00
8.8682508295615237e-01
9.9050863651513743e-01
8.2954959347407697e-01
-5.8118502496810309e-01
-8.1975764435282672e-01
-1.7726688531195786e-01
2.3007979245443302e+00
-8.6549124840122182e-01
7.6762490804103645e-01
2.1720380161358479e+00
1.1128387404192897e+00
1.2503181071935496e+00
-7.0350831698062499e-01
7.4601237944563337e-01
1.6764551405822179e+00
-4.7277023514022726e-01
1.0614530719165007e+00
-1.5409988822680565e+00
-8.1138930452976465e-01
7.6377441914163055e-02
-9.0634926552582512e-02
-6.2435179990189194e-01
1.1669259395465672e+00
-3.8915387108531546e-01
1.5572018606629837e-01
-2.2905269554244330e-02
1.4082136104722311e+00
2.6535329064972926e+00
1.0376261125708461e+00
-8.6544305505274621e-01
2.8692516378195981e-01
-1.1098534057434981e+00
8.1430850975662716e-01
1.8988179303920854e+00
-7.6239530840051983e-01
6.1017327234267649e-01
9.2497565469246645e-01
1.6320253872110231e+00
-8.2366508194692634e-01
1.2899864568986241e+00
1.2787575708936934e+00
1.0514838050576452e+00
-7.7407403798155094e-01
1.5953229708176522e+00
1.2904100284374960e+00
2.3088977921088070e+00
-5.8784043163257105e-01
-1.1235758733820684e+00
4.4603585599730439e-01
1.9041015658870220e-01
3.4039010123832911e-02
2.0204881003952337e+00
-8.9875100265213739e-02
-1.0605438418085329e-01
-2.0114682328467365e-01
1.2678075425927613e+00
5.3987574645995418e-01
2.5262926030779966e+00
2.1826237764238408e+00
1.5346201382191507e+00
-9.2320193189822752e-01
9.2721609413741934e-01
1.8348983211304788e+00
3.6926837703298604e-01
-2.3591959007128254e+00
-1.0683403507984193e-01
-2.0082358936060007e-01
2.7537349741197623e+00
3.1085614870455608e-01
-7.3918285778556625e-01
6.6954315075824267e-01
-8.1276335621480988e-01
7.8768519802738662e-02
-6.2392182653538508e-01
-6.7460389933345166e-01
7.3838873835727714e-01
8.7475346410974708e-01
-4.5750312033163688e-02
3.4663865343105860e-01
-1.4780468558034499e+00
-7.5934419143268883e-01
1.6815063763045233e+00
1.0756119917993905e+00
4.0982590999817325e-01
9.1876043192439150e-01
9.4443863860883037e-01
-1.0291882555123131e+00
1.5416694884284846e-01
-3.9077943524235997e-01
-5.0467846141301553e-01
1.4746882059035455e+00
-9.7995027565190718e-01
-1.5204372882028475e-01
1.4807566399714778e+00
3.9372794543660161e-01
1.3507235341673269e+00
1.7151660999011689e+00
7.3419325345418907e-01
-4.9357390380232630e-01
9.0013209092895252e-01
5.1323241977772438e-01
2.4071981090775602e-01
-1.2775567513132977e-01
-4.6296133975255205e-01
-9.3599186704783588e-01
7.5469159793981377e-01
9.7477950185229845e-01
7.3012649000633212e-01
9.9115977865565552e-01
-7.5757736624203620e-01
4.7848528157102171e-01
8.6914386380128417e-01
2.8967515875963516e-02
1.4697865696840323e-01
-2.7096804520737472e-01
4.7898534669996362e-01
1.5281589778476998e+00
1.2992096363627887e+00
-7.3468401786069393e-02
7.6320265109885221e-01
-1.1352297111664755e+00
4.5185047312294335e-01
2.2612913204121341e+00
-3.8752932759272418e-01
1.7670035446539643e+00
-1.5137522005576944e+00
1.2892449631046186e+00
-2.6753271598195383e-01
-5.5121112585702059e-01
-8.3203838186038312e-02
-1.5188940678748888e-02
-7.4035958946642710e-01
8.4926861236482942e-01
-1.3284806156406255e+00
1.3297744091312884e+00
4.0211383703831211e-01
-1.0946679003440960e+00
5.4813077209941663e-01
1.6646139675241676e+00
4.5796421695352935e-01
6.7183623061791886e-01
-1.1244459422450381e-01
3.8185012376117211e-01
7.7296332191308248e-01
1.3541300402752425e+00
3.2280176309585962e-01
-6.3882509538719423e-01
2.1099231921589845e+00
5.8937357303767679e-01
7.0844333007927016e-02
8.8667542735041671e-01
7.8344816544621779e-03
-4.8995713849569617e-01
2.3415455583251843e+00
-7.4057491537940545e-01
-2.6949495335113116e-01
-2.8482590935708268e-01
-1.1659833231279482e+00
8.4398763873461013e-02
7.9832924139731487e-01
-6.1402935476961518e-01
1.2084339883797124e+00
1.8063308724405973e+00
-2.7844103249202257e-01
-1.3272608292601802e+00
-5.9699854846479750e-01
-5.5602551161394731e-01
6.3402624174975453e-01
1.8121622448817840e+00
4.5530683772540081e-01
-6.0797081004968512e-01
-8.9091941090912441e-01
-7.8773194967217852e-01
1.8853414027407407e+00
-8.2694414525724361e-02
-7.3989589323175931e-01
-2.7823744170573251e-03
-1.0582390263821415e+00
7.4421989144114342e-01
1.4412050989766931e+00
3.0385201096243035e-02
6.6126339989009153e-01
4.9300535281028263e-01
8.1746787354296757e-01
6.2114751450928452e-01
-1.3919300188326316e+00
-5.4614840048766455e-01
-2.1387662034593141e-01
1.3608971179855021e+00
-3.5485627564916350e-01
1.2920236050034388e+00
-2.2093341734509980e-01
1.7150656546116820e+00
-3.8403453232115753e-01
-7.0538569632206327e-01
1.5672970611582623e-01
-1.9742503898825092e+00
5.1191014100308629e-01
-6.0728874139553912e-01
4.9060644673582662e-02
6.3644111040016316e-01
-1.5988175672845915e+00
3.1814360151614078e+00
