об 100
0 200
5.5241297489904451e-01
-3.2011180375827303e-01
-2.5573134803562454e-02
4.4085358648752232e-01
7.9294720684057296e-01
-2.0927424793180008e-01
-3.5600376822571117e-01
5.7973746040143359e-01
2.5332354210962144e-01
2.6891970557265876e-01
3.3765990278442753e-01
5.3910424390665745e-01
5.0631816683770800e-02
-9.2113733279697063e-01
-3.8499903558529275e-01
-4.9372574300986316e-01
-1.1668469386840459e-01
6.1858358074923081e-01
3.7792591939163656e-01
-2.1382396254637732e+00
-1.8620615208617641e-01
-2.2478913107494611e-01
-5.4768539082915157e-01
9.8905359399062587e-02
-8.1483177743024926e-01
-2.8473239233074060e-01
-1.3489525750643172e+00
1.2562762248254273e-02
5.5118829528615887e-01
-1.6298662684635690e+00
-3.1177846798098363e-01
1.4865702207673768e+00
-3.4934872619623296e-02
6.4533599049257073e-01
-1.1191066480486633e-02
-3.2092905566566526e-01
-1.2560677941602740e+00
-5.3922697203234216e-01
-1.3173713818182780e+00
-1.1767209935171898e+00
-1.9150254511134654e+00
2.1259692532608425e+00
1.0551584705699224e+00
-5.2871666138680294e-02
-1.6480846504002278e+00
-1.3495758412907675e+00
8.7886553892980071e-02
4.2130242801842910e-01
1.1836717313878684e+00
-3.3065107221988810e-01
5.7802874421768721e-02
-6.3469552284353403e-01
1.0542172317275644e+00
2.4200351890412510e+00
-2.3242617670076191e+00
-1.4599765004479459e+00
1.5955403788935514e+00
1.3585377957249112e+00
7.1852534768367937e-01
-3.3807042305486618e-01
1.9719174539337680e-01
1.8799777411330018e-01
1.8495166422880109e+00
2.9906551237852164e-01
2.4325566062947288e-01
-7.7712653381107077e-01
-1.0762622624298059e+00
-9.7473366760862534e-01
-7.3112393204189308e-01
5.5241986965944834e-01
-1.4939913842396622e+00
2.0540416105623001e+00
8.2787976888505121e-01
-1.8988378853874716e-01
3.1175768450950436e-01
1.3104285931174207e+00
7.8960114515657276e-01
-1.1821066024976885e+00
-6.3793372433467921e-01
-4.5074872438811853e-01
7.9051953128844932e-01
7.5570695445859726e-01
1.5234589612108009e+00
6.1776755151188090e-01
8.9608166085112240e-01
9.3528854046622326e-02
1.1736668189846534e-01
-9.5318378774567403e-01
-1.1620635498214069e+00
1.2822091918262019e-01
-1.6304580568906715e+00
-3.8713153553094587e-01
1.9849713837927876e-01
8.5764884165980293e-01
2.0079071470682708e+00
7.3725498309889814e-01
1.7164016797765189e+00
5.8682508295617586e-01
6.9050863651513816e-01
5.2954959347417196e-01
8.5241297489898660e-01
-2.0111803757361709e-02
2.7442686519653886e-01
7.4085358648718214e-01
1.0929472069348871e+00
9.0725752068200036e-02
-5.6003768225711133e-02
8.7973746040140444e-01
5.5332354210955248e-01
5.6891970557254323e-01
6.3765990278405404e-01
8.3910424390657967e-01
3.5063181668373489e-01
-6.2113733279882311e-01
-8.4999035585292801e-02
-1.9372574300980050e-01
1.8331530615547217e-01
9.1858358074922231e-01
6.7792591939119529e-01
-1.8382396254702762e+00
1.1379384808377867e-01
7.5210868925053728e-02
-2.4768539082913196e-01
3.9890535939903232e-01
-5.1483177748580744e-01
1.5267607669836590e-02
-1.0489525754632019e+00
3.1256276224825419e-01
8.5118829528609952e-01
-1.3298662685913269e+00
-1.1778467979663971e-02
1.7865702207672298e+00
2.6506512738064303e-01
9.4533599049256722e-01
2.8880893351952508e-01
-2.0929055664788060e-02
-9.5606779446997237e-01
-2.3922697203231807e-01
-1.0173713818351895e+00
-8.7672099354393895e-01
-1.6150254511175286e+00
2.4259692514194060e+00
1.3551584704585353e+00
2.4712833386241853e-01
-1.3480846504002282e+00
-1.0495758417105474e+00
3.8788655389293325e-01
7.2130242820358825e-01
1.4836717314001004e+00
-3.0651072219888133e-02
3.5780287442174774e-01
-3.3469552284353338e-01
1.3542172316241656e+00
2.7200351889695660e+00
-2.0242617670383281e+00
-1.1599764997834745e+00
1.8955403789826402e+00
1.6585377957225631e+00
1.0185253476836793e+00
-3.8070423054866263e-02
4.9719174539337507e-01
4.8799777411329953e-01
2.1495166425349108e+00
5.9906551237829098e-01
5.4325566062942687e-01
-4.7712653394490823e-01
-7.7626226242980612e-01
-6.7473366760879372e-01
-4.3112393236358143e-01
8.5241986965939065e-01
-1.1939913842244667e+00
2.3540416105621058e+00
1.1278797687535538e+00
1.1011621164578944e-01
6.1175768450922319e-01
1.6104285931242655e+00
1.0896011452583512e+00
-8.8210660251238515e-01
-3.3793372433467828e-01
-1.5074872438799999e-01
1.0905195313881331e+00
1.0557069546651316e+00
1.8234589612126495e+00
9.1776755151187184e-01
1.1960816608555964e+00
3.9352885404658439e-01
4.1736668189845511e-01
-6.5318378774614716e-01
-8.6206354993270762e-01
4.2822091918261596e-01
-1.3304580570114393e+00
-8.7131535530946005e-02
4.9849713837927673e-01
1.1576488416561066e+00
2.3079071470529691e+00
1.0372549833884848e+00
2.0164016795845945e+00
8.8682508295615237e-01
9.9050863651513743e-01
8.2954959347407697e-01
